0.12
Tow
1,6513,AXIAL TOW,4.3797,0
Line
-2.22481926, -7.70700000, 0.00000000
2.22481926, -7.70700000, 0.00000000
Tow
6514,21193,AXIAL TOW,4.3797,0
Line
-2.22481926, 0.00000000, 0.00000000
2.22481926, 0.00000000, 0.00000000
Tow
21194,27674,AXIAL TOW,4.3797,0
Line
-2.22481926, 7.70700000, 0.00000000
2.22481926, 7.70700000, 0.00000000
Tow
27675,39917,BIAS TOW,3.241,30
Arc
-6.67445779, 3.85350000, 0.00000000
-2.22481926, -3.85350000, 0.00000000
-4.44963852, 0.00000000, -29.29521875
Arc
-2.22481926, -3.85350000, 0.00000000
2.22481926, -11.56050000, 0.00000000
0.00000000, -7.70700000, 29.29521875
Tow
39918,63185,BIAS TOW,3.241,30
Arc
-6.67445779, 11.56050000, 0.00000000
-2.22481926, 3.85350000, 0.00000000
-4.44963852, 7.70700000, 29.29521875
Arc
-2.22481926, 3.85350000, 0.00000000
2.22481926, -3.85350000, 0.00000000
0.00000000, 0.00000000, -29.29521875
Arc
2.22481926, -3.85350000, 0.00000000
6.67445779, -11.56050000, 0.00000000
4.44963852, -7.70700000, 29.29521875
Tow
63186,75159,BIAS TOW,3.241,30
Arc
-2.22481926, 11.56050000, 0.00000000
2.22481926, 3.85350000, 0.00000000
0.00000000, 7.70700000, 29.29521875
Arc
2.22481926, 3.85350000, 0.00000000
6.67445779, -3.85350000, 0.00000000
4.44963852, 0.00000000, -29.29521875
Tow
75160,76713,BIAS TOW,3.241,-30
Arc
0.00000000, -11.56050000, 0.00000000
4.44963852, -3.85350000, 0.00000000
2.22481926, -7.70700000, -29.29521875
Tow
76714,92730,BIAS TOW,3.241,-30
Arc
-4.44963852, -11.56050000, 0.00000000
0.00000000, -3.85350000, 0.00000000
-2.22481926, -7.70700000, -29.29521875
Arc
0.00000000, -3.85350000, 0.00000000
4.44963852, 3.85350000, 0.00000000
2.22481926, 0.00000000, 29.29521875
Tow
92731,108806,BIAS TOW,3.241,-30
Arc
-4.44963852, -3.85350000, 0.00000000
0.00000000, 3.85350000, 0.00000000
-2.22481926, 0.00000000, 29.29521875
Arc
0.00000000, 3.85350000, 0.00000000
4.44963852, 11.56050000, 0.00000000
2.22481926, 7.70700000, -29.29521875
Tow
108807,110272,BIAS TOW,3.241,-30
Arc
-4.44963852, 3.85350000, 0.00000000
0.00000000, 11.56050000, 0.00000000
-2.22481926, 7.70700000, -29.29521875